100 1237
0 2
0 3
0 9
0 10
0 12
0 13
0 14
0 21
0 23
0 25
0 26
0 29
0 34
0 43
0 48
0 50
0 51
0 52
0 55
0 56
0 63
0 64
0 68
0 70
0 78
0 81
0 87
0 89
0 92
0 96
0 97
1 5
1 12
1 13
1 16
1 24
1 28
1 30
1 49
1 50
1 61
1 65
1 71
1 73
1 74
1 79
1 82
1 87
1 92
1 96
2 8
2 9
2 11
2 12
2 16
2 17
2 18
2 22
2 29
2 32
2 33
2 38
2 40
2 41
2 53
2 60
2 65
2 73
2 78
2 80
2 81
2 88
2 95
2 96
2 99
3 10
3 13
3 16
3 22
3 27
3 37
3 48
3 50
3 54
3 56
3 61
3 67
3 68
3 71
3 72
3 75
3 78
3 81
3 82
3 91
3 97
4 11
4 14
4 20
4 21
4 22
4 29
4 33
4 35
4 37
4 48
4 59
4 65
4 75
4 81
4 85
4 88
4 93
4 94
5 9
5 11
5 13
5 14
5 19
5 20
5 28
5 34
5 35
5 40
5 50
5 54
5 55
5 78
5 80
5 87
5 92
5 99
6 12
6 37
6 42
6 46
6 47
6 51
6 70
6 71
6 72
6 78
6 79
6 83
6 87
6 98
7 11
7 20
7 24
7 26
7 27
7 28
7 30
7 32
7 37
7 38
7 47
7 54
7 56
7 57
7 58
7 61
7 64
7 68
7 72
7 73
7 76
7 77
7 81
7 82
7 83
7 85
7 94
7 96
7 97
7 98
8 12
8 13
8 17
8 26
8 29
8 34
8 36
8 40
8 44
8 49
8 57
8 69
8 73
8 81
8 88
8 95
9 10
9 16
9 26
9 36
9 44
9 46
9 50
9 51
9 52
9 55
9 57
9 61
9 68
9 75
9 76
9 77
9 79
9 87
9 93
9 95
9 97
10 12
10 30
10 32
10 36
10 41
10 44
10 52
10 57
10 58
10 68
10 69
10 73
10 74
10 79
10 80
10 81
10 83
10 85
10 89
10 98
10 99
11 18
11 19
11 20
11 22
11 26
11 28
11 32
11 33
11 35
11 43
11 45
11 48
11 53
11 55
11 57
11 58
11 59
11 74
11 78
11 79
11 81
11 83
11 86
11 88
11 90
11 91
11 94
11 95
11 96
12 17
12 25
12 33
12 41
12 45
12 48
12 57
12 62
12 63
12 71
12 72
12 75
12 81
12 84
12 90
12 92
13 17
13 21
13 24
13 34
13 37
13 38
13 39
13 41
13 43
13 46
13 50
13 52
13 57
13 60
13 66
13 71
13 75
13 85
13 91
13 95
13 98
14 18
14 19
14 20
14 27
14 28
14 30
14 35
14 42
14 45
14 48
14 56
14 67
14 69
14 74
14 79
14 80
14 83
14 88
14 89
14 93
14 99
15 16
15 17
15 21
15 24
15 27
15 30
15 31
15 33
15 36
15 41
15 45
15 46
15 48
15 49
15 55
15 64
15 75
15 76
15 79
15 84
15 85
15 88
15 99
16 19
16 20
16 24
16 28
16 38
16 40
16 46
16 51
16 53
16 55
16 58
16 68
16 73
16 75
16 78
16 79
16 86
16 87
16 91
16 92
16 95
16 97
17 20
17 25
17 29
17 31
17 33
17 34
17 43
17 45
17 54
17 59
17 61
17 64
17 67
17 68
17 69
17 74
17 79
17 81
17 82
17 85
17 86
17 87
17 89
17 90
17 94
17 98
18 19
18 20
18 26
18 27
18 28
18 31
18 34
18 36
18 42
18 43
18 46
18 50
18 53
18 64
18 68
18 70
18 71
18 78
18 79
18 82
18 83
18 88
18 90
18 92
18 95
19 22
19 25
19 30
19 36
19 37
19 41
19 46
19 49
19 51
19 53
19 54
19 56
19 58
19 61
19 65
19 66
19 67
19 74
19 77
19 78
19 79
19 82
19 84
19 85
19 87
19 97
19 98
20 23
20 33
20 35
20 50
20 52
20 53
20 59
20 60
20 67
20 69
20 73
20 78
20 82
20 86
20 87
20 88
20 90
20 94
20 99
21 25
21 27
21 38
21 40
21 43
21 45
21 49
21 52
21 54
21 56
21 63
21 69
21 70
21 73
21 75
21 76
21 78
21 85
21 87
21 88
22 29
22 34
22 36
22 37
22 52
22 57
22 71
22 73
22 74
22 78
22 80
22 87
22 88
22 90
22 95
22 98
23 25
23 33
23 35
23 40
23 41
23 48
23 49
23 51
23 53
23 62
23 63
23 64
23 67
23 68
23 71
23 75
23 80
23 81
23 89
23 90
23 92
23 93
23 94
23 99
24 26
24 29
24 30
24 34
24 37
24 39
24 40
24 42
24 46
24 48
24 56
24 68
24 69
24 70
24 76
24 77
24 84
24 85
24 86
24 89
24 91
24 94
24 97
25 28
25 34
25 35
25 44
25 46
25 54
25 59
25 65
25 78
25 83
25 87
25 89
25 93
25 94
25 97
26 31
26 34
26 44
26 46
26 52
26 53
26 58
26 61
26 67
26 68
26 73
26 80
26 85
26 88
26 91
26 96
26 97
27 29
27 33
27 34
27 38
27 39
27 43
27 52
27 53
27 57
27 84
27 94
27 95
28 32
28 35
28 39
28 43
28 45
28 46
28 50
28 51
28 61
28 63
28 64
28 73
28 79
28 85
28 89
28 92
29 30
29 31
29 34
29 37
29 41
29 42
29 48
29 51
29 55
29 60
29 67
29 72
29 75
29 83
29 86
29 90
29 93
29 94
29 97
30 38
30 49
30 51
30 53
30 60
30 62
30 69
30 70
30 73
30 75
30 80
30 85
30 87
30 91
30 98
31 32
31 53
31 54
31 55
31 56
31 57
31 61
31 67
31 68
31 69
31 75
31 76
31 79
31 89
31 95
31 97
32 33
32 40
32 41
32 44
32 45
32 46
32 62
32 64
32 68
32 69
32 72
32 74
32 79
32 82
32 85
32 90
32 99
33 34
33 35
33 36
33 37
33 45
33 52
33 60
33 64
33 65
33 71
33 72
33 90
33 97
34 35
34 37
34 39
34 41
34 42
34 43
34 44
34 49
34 52
34 60
34 62
34 68
34 82
34 92
34 95
34 97
35 43
35 47
35 49
35 51
35 52
35 57
35 58
35 59
35 64
35 66
35 68
35 74
35 78
35 93
35 95
35 97
36 38
36 43
36 47
36 50
36 53
36 55
36 56
36 57
36 63
36 73
36 75
36 76
36 78
36 88
36 92
36 93
36 97
37 38
37 43
37 45
37 52
37 61
37 65
37 73
37 77
37 80
37 81
37 84
37 88
37 89
37 92
37 97
37 99
38 41
38 42
38 43
38 44
38 49
38 50
38 54
38 56
38 58
38 68
38 76
38 77
38 78
38 89
38 93
38 99
39 40
39 44
39 45
39 49
39 51
39 53
39 64
39 70
39 82
39 83
39 92
39 93
39 94
39 99
40 41
40 42
40 46
40 53
40 58
40 59
40 60
40 61
40 63
40 64
40 66
40 79
40 85
40 86
40 88
40 91
40 94
40 96
41 42
41 48
41 51
41 55
41 64
41 66
41 67
41 70
41 72
41 74
41 78
41 80
41 81
41 84
41 85
41 87
41 98
42 48
42 49
42 51
42 52
42 56
42 65
42 66
42 68
42 72
42 73
42 75
42 76
42 78
42 81
42 83
42 86
42 87
42 93
42 94
43 51
43 55
43 56
43 65
43 73
43 74
43 75
43 77
43 83
43 86
43 87
43 92
43 94
43 95
43 96
43 97
44 48
44 51
44 53
44 58
44 70
44 71
44 72
44 78
44 82
44 84
44 99
45 47
45 48
45 49
45 50
45 60
45 69
45 72
45 77
45 78
45 79
45 83
45 90
45 96
45 99
46 48
46 51
46 54
46 55
46 56
46 57
46 59
46 61
46 62
46 64
46 68
46 69
46 73
46 76
46 88
46 91
46 97
47 51
47 52
47 53
47 54
47 55
47 56
47 63
47 73
47 88
47 89
47 93
47 97
47 98
48 49
48 51
48 54
48 62
48 73
48 82
48 84
48 87
48 89
48 91
48 95
49 60
49 63
49 66
49 67
49 75
49 76
49 81
49 82
49 83
49 87
49 92
49 97
50 52
50 54
50 58
50 63
50 80
50 84
50 85
50 90
50 92
50 95
50 97
51 54
51 61
51 62
51 64
51 70
51 71
51 75
51 81
51 92
51 98
52 53
52 59
52 63
52 66
52 67
52 71
52 73
52 76
52 78
52 86
52 91
52 96
52 98
53 55
53 57
53 58
53 60
53 62
53 65
53 69
53 77
53 85
53 88
53 92
53 98
54 66
54 67
54 68
54 70
54 81
54 85
54 90
54 92
54 93
54 94
54 95
54 96
54 97
54 98
55 62
55 64
55 66
55 73
55 75
55 80
55 87
55 89
56 57
56 58
56 59
56 60
56 62
56 65
56 69
56 70
56 72
56 78
56 79
56 83
56 92
56 93
57 60
57 65
57 66
57 67
57 71
57 73
57 74
57 76
57 78
57 87
57 99
58 68
58 69
58 71
58 75
58 76
58 77
58 80
58 83
58 91
58 92
58 93
58 97
59 64
59 67
59 69
59 81
59 82
59 85
59 87
59 88
59 99
60 61
60 62
60 87
60 89
60 91
60 98
61 63
61 69
61 70
61 72
61 75
61 84
61 89
61 99
62 65
62 72
62 73
62 84
62 87
62 89
62 97
63 64
63 65
63 69
63 71
63 72
63 82
63 84
63 88
63 91
63 92
64 69
64 70
64 71
64 72
64 73
64 74
64 76
64 77
64 90
64 95
64 97
65 79
65 87
65 96
65 99
66 69
66 72
66 76
66 84
66 90
66 98
66 99
67 69
67 76
67 81
67 85
67 94
68 74
68 75
68 77
68 81
68 86
68 87
68 99
69 70
69 77
69 79
69 80
69 85
69 87
69 93
70 75
70 76
70 77
70 78
70 79
70 80
70 83
70 85
70 87
70 93
70 99
71 76
71 77
71 78
71 81
71 85
71 86
71 87
71 92
71 95
72 74
72 84
72 90
72 95
72 96
73 80
73 86
73 89
73 92
73 94
73 95
74 75
74 76
74 77
74 80
74 81
74 82
74 86
74 87
74 91
75 80
75 90
75 94
75 95
75 96
75 97
75 98
76 84
76 87
76 98
76 99
77 78
77 80
77 81
77 94
77 97
78 94
78 95
78 99
79 80
79 82
79 86
79 87
79 91
79 93
79 95
79 98
79 99
80 82
80 83
80 85
80 86
80 87
80 89
80 93
80 94
81 83
81 85
81 87
81 90
81 93
81 98
81 99
82 84
82 91
82 95
83 85
83 87
83 90
83 93
84 89
84 94
85 86
85 93
85 94
85 96
86 88
86 89
86 92
86 95
87 90
87 92
87 95
87 96
87 99
88 92
88 97
88 98
88 99
89 99
90 91
91 93
91 96
91 98
91 99
92 93
92 98
93 96
94 95
94 97
95 98
96 98
