100 1237
0 1
0 3
0 12
0 13
0 16
0 23
0 27
0 32
0 33
0 37
0 38
0 39
0 46
0 47
0 48
0 51
0 52
0 54
0 56
0 57
0 64
0 68
0 69
0 70
0 76
0 77
0 79
0 84
0 85
0 87
0 91
1 2
1 9
1 10
1 12
1 21
1 23
1 30
1 33
1 34
1 51
1 54
1 60
1 62
1 64
1 73
1 74
1 80
1 81
1 94
1 96
1 98
2 12
2 13
2 15
2 17
2 21
2 23
2 25
2 29
2 51
2 52
2 53
2 56
2 63
2 67
2 70
2 72
2 80
2 90
2 91
2 93
2 95
3 9
3 11
3 16
3 26
3 27
3 28
3 30
3 36
3 39
3 47
3 48
3 49
3 58
3 62
3 65
3 66
3 67
3 69
3 75
3 79
3 81
3 82
3 83
3 85
3 89
3 92
3 95
4 6
4 8
4 11
4 12
4 18
4 21
4 22
4 25
4 31
4 33
4 34
4 38
4 40
4 48
4 49
4 57
4 66
4 69
4 72
4 78
4 79
4 81
4 83
4 86
4 88
4 95
4 97
5 6
5 7
5 10
5 22
5 24
5 27
5 30
5 33
5 34
5 35
5 41
5 56
5 58
5 59
5 61
5 62
5 63
5 64
5 66
5 67
5 69
5 72
5 76
5 80
5 81
5 90
5 91
5 95
5 96
6 12
6 14
6 20
6 21
6 24
6 25
6 27
6 30
6 57
6 59
6 67
6 68
6 77
6 86
6 94
6 98
7 22
7 23
7 24
7 27
7 28
7 30
7 37
7 39
7 40
7 51
7 61
7 64
7 67
7 83
7 93
7 94
7 96
8 9
8 21
8 23
8 24
8 38
8 45
8 57
8 63
8 67
8 69
8 70
8 71
8 78
8 82
8 93
8 94
8 97
8 98
8 99
9 10
9 14
9 21
9 30
9 32
9 34
9 38
9 42
9 44
9 45
9 48
9 51
9 52
9 62
9 65
9 66
9 68
9 76
9 78
9 80
9 84
9 85
9 90
9 94
9 99
10 14
10 19
10 20
10 24
10 27
10 32
10 38
10 39
10 42
10 61
10 74
10 77
10 80
10 82
10 84
10 87
10 92
10 95
10 98
11 13
11 14
11 18
11 20
11 24
11 27
11 30
11 34
11 48
11 51
11 54
11 57
11 65
11 66
11 69
11 73
11 74
11 75
11 79
11 85
11 87
11 95
11 98
12 14
12 17
12 20
12 22
12 28
12 34
12 40
12 46
12 47
12 48
12 58
12 62
12 64
12 81
12 82
12 83
12 85
12 93
12 94
12 97
12 99
13 22
13 24
13 31
13 32
13 33
13 34
13 42
13 47
13 50
13 51
13 57
13 61
13 62
13 63
13 65
13 67
13 68
13 69
13 77
13 81
13 82
13 86
13 90
13 92
13 96
14 19
14 22
14 24
14 25
14 30
14 31
14 32
14 33
14 36
14 38
14 40
14 42
14 45
14 48
14 54
14 59
14 72
14 73
14 74
14 76
14 83
14 87
14 93
14 94
14 98
15 20
15 30
15 34
15 45
15 46
15 47
15 49
15 51
15 54
15 57
15 63
15 64
15 77
15 79
15 82
15 86
15 90
15 95
15 96
15 98
16 20
16 21
16 33
16 47
16 53
16 56
16 61
16 63
16 64
16 66
16 70
16 72
16 81
16 82
16 88
16 89
16 93
16 95
16 97
17 30
17 36
17 54
17 55
17 66
17 67
17 69
17 72
17 75
17 77
17 79
17 80
17 88
17 89
17 99
18 21
18 29
18 32
18 37
18 39
18 40
18 46
18 50
18 55
18 56
18 59
18 66
18 69
18 70
18 74
18 77
18 87
18 90
18 95
19 20
19 24
19 29
19 35
19 36
19 40
19 44
19 48
19 50
19 51
19 59
19 60
19 63
19 70
19 80
19 84
19 86
19 92
19 94
19 97
20 34
20 37
20 40
20 42
20 45
20 46
20 49
20 52
20 64
20 69
20 74
20 87
20 88
20 97
21 24
21 35
21 45
21 46
21 51
21 56
21 69
21 86
21 87
21 90
21 92
21 93
21 97
21 98
21 99
22 33
22 36
22 41
22 43
22 48
22 49
22 57
22 58
22 60
22 61
22 63
22 70
22 72
22 77
22 84
22 85
22 87
22 88
22 89
22 90
22 94
22 95
22 97
23 26
23 29
23 31
23 32
23 39
23 41
23 45
23 48
23 57
23 60
23 61
23 67
23 68
23 73
23 78
23 81
23 82
23 83
23 86
23 91
23 92
23 95
23 96
23 97
24 25
24 28
24 30
24 32
24 35
24 36
24 39
24 41
24 45
24 48
24 51
24 54
24 55
24 56
24 57
24 65
24 76
24 78
24 81
24 85
24 96
24 97
25 30
25 33
25 35
25 40
25 46
25 51
25 54
25 59
25 60
25 63
25 69
25 71
25 72
25 78
25 81
25 84
25 88
25 89
25 90
25 93
26 27
26 33
26 42
26 46
26 49
26 50
26 55
26 56
26 59
26 63
26 65
26 67
26 69
26 73
26 74
26 81
26 82
26 91
26 92
26 93
26 97
27 39
27 52
27 54
27 56
27 58
27 60
27 62
27 71
27 73
27 80
27 82
27 84
27 85
27 86
27 98
28 31
28 41
28 52
28 54
28 55
28 63
28 65
28 66
28 70
28 74
28 75
28 79
28 87
28 89
29 41
29 43
29 44
29 45
29 51
29 55
29 59
29 64
29 65
29 66
29 71
29 73
29 83
29 88
29 97
29 98
30 34
30 37
30 38
30 44
30 47
30 48
30 59
30 63
30 66
30 69
30 86
30 91
30 92
30 96
30 97
30 98
31 32
31 35
31 38
31 42
31 43
31 47
31 59
31 61
31 65
31 67
31 68
31 72
31 76
31 84
31 86
31 87
31 89
31 90
31 95
32 33
32 36
32 38
32 45
32 46
32 48
32 49
32 53
32 55
32 58
32 60
32 61
32 68
32 74
32 75
32 77
32 80
32 81
32 85
32 86
32 91
32 93
32 97
33 35
33 38
33 42
33 47
33 50
33 60
33 68
33 69
33 70
33 75
33 77
33 78
33 81
33 82
33 84
33 86
33 90
33 94
33 99
34 36
34 38
34 39
34 43
34 45
34 47
34 48
34 56
34 63
34 69
34 84
34 91
34 94
34 96
34 98
35 39
35 42
35 45
35 51
35 54
35 63
35 64
35 65
35 66
35 72
35 73
35 79
35 82
35 84
36 38
36 41
36 44
36 46
36 51
36 52
36 58
36 59
36 60
36 61
36 64
36 66
36 72
36 76
36 79
36 81
36 83
36 84
36 87
36 90
36 99
37 40
37 49
37 53
37 63
37 65
37 70
37 72
37 76
37 77
37 83
37 87
37 89
37 91
37 92
37 97
37 98
38 41
38 43
38 44
38 57
38 59
38 61
38 66
38 69
38 72
38 77
38 79
38 82
38 83
38 84
38 88
38 93
38 94
39 45
39 46
39 47
39 52
39 54
39 56
39 57
39 60
39 63
39 64
39 66
39 70
39 72
39 73
39 74
39 76
39 77
39 80
39 82
39 89
39 90
40 41
40 44
40 52
40 57
40 62
40 63
40 64
40 65
40 72
40 93
40 95
40 96
41 43
41 44
41 46
41 58
41 59
41 61
41 65
41 69
41 70
41 72
41 80
41 85
41 86
41 87
41 97
41 99
42 45
42 49
42 54
42 56
42 62
42 64
42 65
42 66
42 67
42 69
42 70
42 73
42 90
42 92
42 94
42 97
43 46
43 53
43 59
43 60
43 62
43 68
43 70
43 72
43 80
43 81
43 84
43 86
43 90
43 91
43 94
43 96
43 98
43 99
44 47
44 57
44 66
44 75
44 83
44 87
44 88
44 89
44 90
44 95
45 49
45 55
45 64
45 65
45 67
45 72
45 73
45 75
45 76
45 79
45 80
45 81
45 87
45 99
46 52
46 54
46 56
46 70
46 72
46 74
46 76
46 78
46 80
46 82
46 91
46 94
47 52
47 59
47 63
47 65
47 70
47 73
47 77
47 80
47 82
47 86
47 92
48 56
48 61
48 66
48 67
48 68
48 70
48 74
48 79
48 86
48 90
49 50
49 51
49 55
49 58
49 61
49 63
49 64
49 65
49 78
49 84
49 91
49 96
50 60
50 61
50 64
50 80
50 82
50 83
50 84
50 85
50 87
50 89
50 96
50 98
51 53
51 64
51 65
51 67
51 69
51 72
51 74
51 81
51 86
51 92
51 97
52 54
52 58
52 64
52 70
52 71
52 72
52 74
52 81
52 83
52 89
52 96
52 97
52 99
53 57
53 65
53 71
53 84
53 86
53 88
53 94
53 98
53 99
54 58
54 65
54 69
54 71
54 86
54 91
54 94
54 96
54 98
55 66
55 69
55 72
55 74
55 77
55 84
55 85
55 86
55 89
55 97
55 99
56 60
56 67
56 72
56 73
56 82
56 83
56 84
56 89
56 93
56 97
57 64
57 67
57 70
57 71
57 73
57 76
57 84
57 93
57 95
58 60
58 61
58 64
58 79
58 82
58 87
58 92
58 98
59 60
59 62
59 63
59 64
59 66
59 67
59 68
59 71
59 72
59 75
59 76
59 82
59 84
59 91
59 93
59 94
60 67
60 84
60 86
60 89
60 90
60 91
60 92
60 98
60 99
61 65
61 71
61 73
61 77
62 64
62 70
62 83
62 92
62 93
63 66
63 67
63 71
63 76
63 90
63 93
63 98
64 69
64 73
64 78
64 81
64 82
64 85
64 88
64 89
65 67
65 74
65 76
65 83
65 95
65 96
66 67
66 68
66 69
66 70
66 73
66 75
66 77
66 83
66 84
66 89
66 95
66 99
67 69
67 75
67 77
67 93
67 99
68 69
68 77
68 79
68 83
68 85
68 88
68 89
68 91
68 98
68 99
69 71
69 77
69 92
69 94
69 97
70 77
70 83
70 89
70 93
70 96
70 99
71 72
71 75
71 79
71 87
71 88
71 93
72 73
72 83
72 91
72 93
72 95
72 97
73 75
73 76
73 79
73 80
73 82
73 83
73 90
73 93
73 94
74 75
74 79
74 82
74 83
74 88
75 76
75 78
75 83
75 86
75 87
75 88
75 92
75 93
75 94
75 99
76 81
76 82
76 85
76 92
76 95
76 96
77 80
77 84
77 87
77 90
77 94
77 97
78 79
78 80
78 82
78 88
78 89
78 94
78 97
78 99
79 80
79 86
79 87
79 88
80 81
80 83
80 86
80 89
80 92
80 95
81 84
81 85
81 88
81 92
81 96
82 84
82 86
82 91
82 94
82 96
83 86
83 90
83 91
83 93
83 98
84 86
84 90
84 94
84 95
84 97
85 86
85 87
85 92
85 95
86 88
86 90
86 91
86 92
86 97
87 88
87 90
87 92
87 95
87 99
88 94
88 96
88 98
89 91
89 93
89 94
89 95
90 92
90 97
91 98
92 95
92 98
93 96
94 98
94 99
96 99
97 98
