100 2475
0 3
0 4
0 6
0 7
0 8
0 9
0 12
0 14
0 15
0 16
0 17
0 18
0 19
0 20
0 21
0 24
0 25
0 26
0 27
0 29
0 31
0 32
0 33
0 35
0 41
0 42
0 44
0 45
0 48
0 52
0 53
0 54
0 55
0 56
0 58
0 59
0 62
0 64
0 65
0 67
0 68
0 71
0 72
0 73
0 74
0 76
0 78
0 79
0 80
0 83
0 84
0 85
0 87
0 88
0 92
0 93
0 94
0 95
0 98
1 2
1 3
1 7
1 9
1 11
1 16
1 19
1 21
1 22
1 25
1 26
1 27
1 28
1 30
1 32
1 35
1 36
1 38
1 40
1 42
1 48
1 50
1 52
1 54
1 59
1 62
1 63
1 64
1 66
1 68
1 69
1 71
1 72
1 79
1 81
1 84
1 86
1 87
1 89
1 92
1 93
1 94
1 95
1 96
1 97
1 98
1 99
2 3
2 5
2 8
2 13
2 14
2 15
2 16
2 19
2 21
2 22
2 24
2 25
2 26
2 27
2 28
2 30
2 31
2 34
2 37
2 44
2 45
2 46
2 50
2 51
2 58
2 59
2 60
2 64
2 65
2 68
2 69
2 70
2 71
2 72
2 76
2 78
2 80
2 82
2 83
2 86
2 87
2 90
2 92
2 94
2 97
2 99
3 5
3 7
3 9
3 12
3 13
3 16
3 17
3 19
3 21
3 22
3 23
3 24
3 25
3 27
3 30
3 31
3 32
3 33
3 34
3 35
3 36
3 37
3 38
3 40
3 42
3 44
3 45
3 46
3 47
3 48
3 49
3 50
3 51
3 53
3 55
3 56
3 57
3 62
3 63
3 65
3 66
3 68
3 72
3 74
3 75
3 76
3 77
3 78
3 84
3 86
3 89
3 90
3 93
3 96
3 98
4 5
4 6
4 7
4 8
4 10
4 12
4 15
4 16
4 18
4 19
4 20
4 21
4 26
4 28
4 29
4 34
4 35
4 36
4 37
4 38
4 40
4 41
4 42
4 45
4 46
4 47
4 48
4 51
4 52
4 55
4 59
4 60
4 65
4 66
4 67
4 75
4 77
4 78
4 79
4 81
4 87
4 90
4 94
4 99
5 6
5 7
5 8
5 10
5 11
5 14
5 20
5 21
5 23
5 24
5 25
5 26
5 28
5 30
5 33
5 34
5 35
5 36
5 37
5 38
5 39
5 40
5 42
5 49
5 56
5 57
5 60
5 64
5 67
5 71
5 72
5 73
5 74
5 79
5 83
5 84
5 87
5 88
5 89
5 90
5 94
5 95
5 96
5 97
5 98
5 99
6 9
6 11
6 13
6 15
6 19
6 22
6 23
6 24
6 25
6 26
6 27
6 28
6 31
6 32
6 34
6 36
6 37
6 38
6 39
6 40
6 45
6 46
6 47
6 49
6 50
6 54
6 57
6 58
6 66
6 67
6 68
6 71
6 76
6 78
6 79
6 82
6 84
6 86
6 87
6 88
6 90
6 91
6 92
6 93
6 94
6 98
7 12
7 13
7 15
7 16
7 19
7 20
7 22
7 25
7 28
7 33
7 34
7 36
7 37
7 38
7 41
7 42
7 44
7 45
7 51
7 52
7 53
7 56
7 60
7 61
7 62
7 63
7 65
7 67
7 69
7 71
7 73
7 75
7 82
7 87
7 89
7 90
7 91
7 93
7 94
7 95
7 98
8 9
8 10
8 13
8 16
8 18
8 19
8 21
8 22
8 23
8 25
8 26
8 27
8 28
8 29
8 31
8 33
8 34
8 38
8 39
8 40
8 51
8 54
8 56
8 57
8 58
8 60
8 61
8 63
8 65
8 67
8 68
8 70
8 71
8 74
8 75
8 76
8 77
8 78
8 79
8 80
8 82
8 85
8 86
8 87
8 91
8 92
8 95
8 96
8 97
9 10
9 12
9 14
9 17
9 21
9 22
9 25
9 28
9 30
9 31
9 33
9 34
9 39
9 40
9 41
9 42
9 46
9 47
9 49
9 52
9 53
9 60
9 62
9 66
9 72
9 73
9 75
9 82
9 83
9 86
9 87
9 89
9 92
9 93
9 94
9 95
9 96
9 98
10 12
10 13
10 15
10 16
10 18
10 19
10 23
10 24
10 25
10 27
10 31
10 33
10 34
10 35
10 36
10 37
10 39
10 44
10 47
10 48
10 49
10 52
10 54
10 55
10 58
10 60
10 61
10 63
10 64
10 66
10 68
10 69
10 70
10 71
10 74
10 77
10 79
10 80
10 81
10 82
10 83
10 84
10 85
10 86
10 88
10 90
10 92
10 97
10 99
11 13
11 15
11 20
11 22
11 23
11 26
11 30
11 33
11 37
11 38
11 40
11 41
11 42
11 43
11 44
11 46
11 47
11 48
11 49
11 52
11 53
11 56
11 58
11 60
11 62
11 64
11 67
11 70
11 71
11 76
11 84
11 85
11 87
11 88
11 90
11 93
11 95
11 97
11 98
12 13
12 15
12 16
12 20
12 21
12 23
12 26
12 30
12 31
12 32
12 33
12 34
12 35
12 40
12 41
12 45
12 46
12 47
12 48
12 49
12 52
12 56
12 57
12 61
12 62
12 64
12 65
12 69
12 71
12 74
12 79
12 80
12 81
12 83
12 84
12 86
12 87
12 88
12 92
12 96
13 14
13 17
13 18
13 19
13 20
13 21
13 22
13 24
13 28
13 29
13 32
13 34
13 35
13 37
13 40
13 41
13 43
13 44
13 48
13 49
13 50
13 52
13 53
13 54
13 56
13 57
13 58
13 60
13 61
13 63
13 64
13 65
13 66
13 67
13 69
13 70
13 72
13 75
13 79
13 80
13 83
13 88
13 90
13 91
13 92
13 93
13 97
13 99
14 15
14 17
14 18
14 22
14 27
14 30
14 33
14 35
14 37
14 38
14 39
14 41
14 42
14 43
14 44
14 45
14 46
14 47
14 49
14 51
14 55
14 57
14 60
14 63
14 67
14 69
14 71
14 72
14 75
14 76
14 77
14 78
14 79
14 80
14 81
14 83
14 84
14 85
14 86
14 87
14 88
14 90
14 91
14 92
14 95
14 96
15 22
15 23
15 25
15 26
15 27
15 28
15 29
15 30
15 31
15 32
15 35
15 36
15 39
15 43
15 45
15 47
15 50
15 51
15 52
15 53
15 57
15 61
15 63
15 65
15 67
15 69
15 72
15 73
15 74
15 75
15 76
15 77
15 79
15 81
15 83
15 84
15 86
15 89
15 90
15 91
15 92
15 95
15 97
16 17
16 18
16 22
16 27
16 28
16 29
16 34
16 35
16 36
16 37
16 38
16 39
16 42
16 43
16 45
16 47
16 48
16 50
16 58
16 61
16 63
16 66
16 67
16 68
16 73
16 77
16 79
16 84
16 88
16 89
16 91
16 92
16 96
16 98
16 99
17 19
17 21
17 22
17 23
17 25
17 27
17 29
17 30
17 31
17 33
17 35
17 40
17 41
17 42
17 51
17 58
17 59
17 61
17 62
17 67
17 68
17 69
17 71
17 72
17 73
17 74
17 75
17 76
17 77
17 79
17 80
17 81
17 82
17 83
17 84
17 86
17 89
17 90
17 96
17 99
18 23
18 24
18 28
18 30
18 34
18 36
18 41
18 42
18 44
18 45
18 46
18 47
18 48
18 50
18 54
18 55
18 57
18 58
18 59
18 60
18 62
18 63
18 70
18 71
18 73
18 76
18 78
18 79
18 81
18 82
18 85
18 90
18 92
18 93
18 98
18 99
19 20
19 22
19 24
19 25
19 27
19 28
19 33
19 40
19 42
19 50
19 51
19 53
19 54
19 55
19 57
19 59
19 61
19 62
19 63
19 65
19 66
19 72
19 75
19 76
19 77
19 80
19 81
19 87
19 89
19 90
19 91
19 96
19 99
20 23
20 25
20 26
20 28
20 30
20 31
20 33
20 37
20 39
20 41
20 42
20 44
20 45
20 46
20 48
20 53
20 55
20 56
20 59
20 60
20 61
20 64
20 67
20 68
20 73
20 76
20 83
20 84
20 86
20 88
20 91
20 95
20 96
20 98
20 99
21 22
21 27
21 28
21 30
21 32
21 33
21 34
21 35
21 38
21 39
21 40
21 42
21 43
21 47
21 48
21 49
21 50
21 51
21 52
21 53
21 54
21 55
21 56
21 58
21 59
21 60
21 63
21 64
21 65
21 67
21 70
21 71
21 75
21 78
21 84
21 85
21 89
21 92
21 93
21 94
21 95
21 96
21 99
22 23
22 25
22 26
22 28
22 30
22 32
22 33
22 38
22 39
22 41
22 42
22 49
22 50
22 52
22 53
22 54
22 55
22 58
22 59
22 61
22 62
22 63
22 69
22 71
22 72
22 73
22 75
22 77
22 78
22 79
22 80
22 82
22 84
22 90
22 94
22 97
22 98
23 24
23 26
23 27
23 29
23 32
23 33
23 35
23 37
23 38
23 40
23 41
23 42
23 44
23 46
23 52
23 53
23 54
23 55
23 56
23 57
23 58
23 62
23 64
23 67
23 71
23 72
23 80
23 81
23 82
23 85
23 88
23 93
23 96
23 99
24 25
24 26
24 30
24 33
24 36
24 37
24 38
24 44
24 45
24 50
24 51
24 53
24 55
24 56
24 57
24 64
24 65
24 66
24 68
24 75
24 76
24 78
24 81
24 86
24 88
24 89
24 90
24 91
24 92
24 94
24 95
24 97
24 98
24 99
25 27
25 28
25 30
25 31
25 32
25 33
25 35
25 36
25 41
25 42
25 43
25 50
25 51
25 55
25 56
25 58
25 61
25 62
25 63
25 64
25 65
25 67
25 69
25 72
25 75
25 82
25 84
25 87
25 88
25 91
25 92
25 95
25 96
25 97
25 98
26 27
26 28
26 30
26 32
26 35
26 36
26 37
26 40
26 41
26 42
26 43
26 44
26 45
26 46
26 48
26 49
26 50
26 52
26 53
26 54
26 58
26 59
26 60
26 62
26 69
26 75
26 76
26 77
26 79
26 81
26 82
26 83
26 85
26 86
26 90
26 91
26 93
26 94
26 99
27 29
27 30
27 32
27 33
27 34
27 36
27 39
27 40
27 41
27 42
27 45
27 49
27 50
27 52
27 53
27 55
27 57
27 58
27 59
27 60
27 65
27 67
27 68
27 73
27 74
27 75
27 78
27 79
27 80
27 81
27 82
27 83
27 85
27 87
27 90
27 93
27 94
27 95
27 96
27 99
28 29
28 30
28 32
28 33
28 35
28 36
28 37
28 38
28 41
28 44
28 45
28 48
28 50
28 52
28 55
28 59
28 60
28 61
28 64
28 67
28 68
28 70
28 71
28 72
28 76
28 77
28 78
28 79
28 80
28 81
28 82
28 83
28 84
28 87
28 88
28 92
28 93
28 94
28 95
28 97
29 31
29 32
29 33
29 35
29 36
29 40
29 41
29 42
29 43
29 44
29 45
29 46
29 48
29 50
29 52
29 58
29 59
29 61
29 62
29 63
29 64
29 66
29 67
29 69
29 73
29 75
29 76
29 78
29 80
29 81
29 94
29 95
29 96
29 97
29 99
30 32
30 33
30 34
30 39
30 40
30 41
30 42
30 43
30 44
30 45
30 47
30 48
30 49
30 50
30 53
30 56
30 60
30 63
30 64
30 65
30 66
30 68
30 69
30 71
30 72
30 73
30 76
30 79
30 80
30 83
30 88
30 89
30 90
30 94
30 97
30 98
31 33
31 35
31 38
31 39
31 42
31 48
31 54
31 56
31 60
31 62
31 63
31 64
31 65
31 67
31 69
31 70
31 71
31 72
31 74
31 76
31 80
31 82
31 83
31 84
31 85
31 86
31 89
31 90
31 94
31 96
31 98
32 33
32 36
32 37
32 39
32 40
32 42
32 44
32 46
32 48
32 49
32 50
32 55
32 63
32 67
32 68
32 69
32 71
32 75
32 76
32 82
32 83
32 84
32 85
32 87
32 89
32 90
32 91
32 94
32 95
32 99
33 35
33 36
33 37
33 38
33 39
33 40
33 41
33 42
33 48
33 50
33 53
33 54
33 56
33 60
33 62
33 64
33 65
33 67
33 68
33 69
33 70
33 73
33 74
33 76
33 77
33 78
33 79
33 84
33 85
33 86
33 88
33 90
33 92
33 95
33 96
33 97
33 98
34 36
34 37
34 38
34 40
34 41
34 43
34 44
34 49
34 50
34 51
34 52
34 53
34 55
34 56
34 58
34 59
34 63
34 70
34 71
34 72
34 73
34 75
34 76
34 78
34 79
34 82
34 83
34 84
34 85
34 87
34 88
34 89
34 90
34 91
34 92
34 94
34 95
34 97
35 40
35 43
35 44
35 46
35 47
35 49
35 50
35 51
35 52
35 53
35 55
35 59
35 63
35 64
35 67
35 68
35 69
35 70
35 72
35 73
35 74
35 76
35 80
35 81
35 83
35 86
35 88
35 91
35 92
35 93
35 96
36 37
36 39
36 40
36 41
36 44
36 47
36 50
36 52
36 53
36 54
36 55
36 58
36 60
36 61
36 62
36 66
36 70
36 71
36 72
36 73
36 79
36 80
36 82
36 83
36 84
36 85
36 89
36 93
36 94
36 98
36 99
37 38
37 42
37 43
37 46
37 51
37 53
37 55
37 57
37 58
37 59
37 61
37 62
37 66
37 67
37 69
37 73
37 74
37 77
37 82
37 83
37 84
37 89
37 92
37 93
37 99
38 39
38 41
38 42
38 44
38 46
38 47
38 50
38 51
38 53
38 55
38 58
38 60
38 62
38 63
38 65
38 66
38 69
38 71
38 75
38 76
38 77
38 78
38 79
38 81
38 82
38 83
38 85
38 86
38 89
38 92
38 93
38 95
38 99
39 41
39 44
39 45
39 46
39 48
39 49
39 50
39 54
39 55
39 56
39 57
39 58
39 59
39 61
39 66
39 68
39 69
39 71
39 72
39 74
39 78
39 80
39 82
39 83
39 84
39 86
39 89
39 90
39 91
39 92
39 93
39 95
39 96
39 97
39 98
39 99
40 41
40 42
40 43
40 45
40 46
40 47
40 48
40 49
40 50
40 56
40 57
40 58
40 59
40 60
40 62
40 65
40 68
40 69
40 71
40 72
40 74
40 79
40 80
40 83
40 87
40 88
40 89
40 90
40 93
40 94
40 95
40 96
40 98
41 42
41 43
41 44
41 48
41 51
41 54
41 55
41 56
41 57
41 58
41 59
41 62
41 64
41 65
41 67
41 68
41 69
41 71
41 73
41 77
41 78
41 79
41 80
41 83
41 85
41 87
41 89
41 92
41 93
41 94
41 95
41 96
41 97
41 99
42 44
42 46
42 47
42 49
42 50
42 52
42 55
42 56
42 58
42 59
42 60
42 62
42 64
42 65
42 67
42 69
42 70
42 71
42 72
42 74
42 77
42 80
42 81
42 84
42 86
42 87
42 88
42 90
42 94
42 98
42 99
43 44
43 47
43 51
43 52
43 53
43 57
43 58
43 59
43 61
43 62
43 66
43 67
43 69
43 70
43 72
43 73
43 74
43 75
43 77
43 78
43 79
43 80
43 81
43 82
43 83
43 85
43 91
43 92
43 94
43 97
44 45
44 47
44 48
44 50
44 51
44 52
44 53
44 55
44 56
44 58
44 61
44 65
44 66
44 68
44 69
44 71
44 72
44 73
44 76
44 77
44 78
44 80
44 82
44 83
44 84
44 86
44 88
44 90
44 91
44 92
44 94
44 95
44 99
45 46
45 47
45 48
45 52
45 55
45 57
45 59
45 61
45 65
45 66
45 68
45 69
45 70
45 74
45 75
45 78
45 79
45 80
45 81
45 85
45 86
45 87
45 88
45 90
45 91
45 93
45 97
45 98
46 47
46 51
46 56
46 58
46 59
46 61
46 62
46 63
46 64
46 65
46 67
46 70
46 71
46 72
46 73
46 74
46 76
46 78
46 79
46 80
46 84
46 88
46 89
46 91
46 93
46 94
46 98
47 50
47 52
47 53
47 55
47 57
47 59
47 61
47 63
47 65
47 66
47 67
47 68
47 74
47 75
47 76
47 78
47 79
47 83
47 84
47 88
47 90
47 96
47 98
48 50
48 52
48 53
48 54
48 55
48 56
48 57
48 58
48 59
48 62
48 65
48 67
48 70
48 71
48 72
48 74
48 75
48 77
48 78
48 80
48 81
48 87
48 88
48 89
48 95
48 98
49 50
49 53
49 54
49 55
49 58
49 61
49 62
49 64
49 65
49 66
49 67
49 68
49 70
49 74
49 75
49 76
49 78
49 79
49 81
49 82
49 84
49 89
49 94
49 95
49 96
50 54
50 55
50 56
50 57
50 58
50 59
50 62
50 63
50 64
50 66
50 68
50 69
50 72
50 74
50 75
50 79
50 81
50 82
50 84
50 87
50 88
50 90
50 92
50 94
50 99
51 59
51 60
51 61
51 62
51 63
51 64
51 68
51 69
51 70
51 72
51 73
51 75
51 77
51 78
51 79
51 80
51 81
51 83
51 84
51 85
51 86
51 87
51 94
51 98
52 54
52 55
52 56
52 60
52 61
52 63
52 64
52 69
52 70
52 72
52 75
52 76
52 77
52 78
52 79
52 81
52 82
52 83
52 84
52 86
52 88
52 89
52 91
52 93
52 96
52 99
53 55
53 56
53 57
53 58
53 59
53 60
53 61
53 63
53 64
53 67
53 70
53 72
53 73
53 74
53 76
53 78
53 80
53 81
53 84
53 85
53 86
53 88
53 89
53 93
53 94
53 96
53 98
54 55
54 56
54 58
54 59
54 60
54 61
54 63
54 69
54 70
54 71
54 72
54 74
54 75
54 83
54 86
54 87
54 89
54 90
54 92
54 93
54 94
54 95
55 57
55 64
55 67
55 69
55 71
55 75
55 78
55 79
55 84
55 85
55 87
55 90
55 94
55 95
55 98
56 60
56 63
56 64
56 65
56 66
56 68
56 71
56 73
56 74
56 75
56 79
56 82
56 84
56 85
56 89
56 90
56 91
56 92
56 93
56 95
56 97
56 98
57 63
57 64
57 69
57 72
57 74
57 76
57 77
57 79
57 81
57 82
57 86
57 88
57 89
57 90
57 95
57 98
57 99
58 59
58 62
58 63
58 66
58 68
58 71
58 73
58 77
58 79
58 80
58 83
58 84
58 86
58 87
58 90
58 94
58 98
59 60
59 62
59 64
59 66
59 68
59 75
59 79
59 81
59 83
59 85
59 88
59 89
59 90
59 91
59 92
59 94
60 62
60 63
60 65
60 70
60 71
60 72
60 73
60 74
60 75
60 76
60 83
60 85
60 86
60 88
60 90
60 93
60 95
60 96
60 99
61 62
61 64
61 66
61 70
61 71
61 72
61 73
61 75
61 76
61 79
61 80
61 83
61 84
61 87
61 90
61 91
61 93
61 95
61 96
61 99
62 63
62 66
62 67
62 69
62 71
62 72
62 73
62 74
62 81
62 82
62 83
62 84
62 88
62 90
62 92
62 93
62 94
63 68
63 69
63 70
63 72
63 73
63 75
63 76
63 84
63 87
63 89
63 90
63 93
63 95
63 96
63 99
64 65
64 67
64 69
64 70
64 72
64 74
64 76
64 77
64 80
64 81
64 82
64 83
64 84
64 87
64 88
64 91
64 94
64 95
64 97
65 66
65 67
65 68
65 69
65 73
65 74
65 80
65 81
65 83
65 84
65 89
65 90
65 91
65 94
65 95
65 98
65 99
66 67
66 69
66 71
66 72
66 73
66 74
66 76
66 81
66 83
66 84
66 86
66 88
66 92
66 94
66 96
67 68
67 69
67 70
67 74
67 75
67 77
67 78
67 80
67 81
67 82
67 83
67 84
67 85
67 86
67 89
67 90
67 91
67 92
67 95
67 96
67 98
68 69
68 74
68 75
68 76
68 77
68 78
68 79
68 83
68 84
68 87
68 88
68 90
68 93
68 94
68 96
68 99
69 72
69 74
69 75
69 76
69 79
69 82
69 83
69 84
69 89
69 90
69 91
69 92
69 94
69 95
69 99
70 72
70 73
70 74
70 76
70 77
70 79
70 81
70 82
70 83
70 85
70 88
70 89
70 90
70 91
70 93
70 94
70 97
70 98
71 72
71 80
71 81
71 82
71 83
71 84
71 85
71 88
71 89
71 91
71 94
71 95
71 99
72 73
72 75
72 76
72 77
72 78
72 81
72 85
72 87
72 89
72 90
72 92
72 95
72 97
72 99
73 74
73 78
73 79
73 80
73 84
73 85
73 86
73 87
73 92
73 94
73 95
73 96
73 99
74 76
74 80
74 83
74 85
74 87
74 89
74 91
74 92
74 96
74 97
74 98
74 99
75 76
75 79
75 81
75 84
75 86
75 90
75 94
75 96
75 97
75 99
76 77
76 78
76 88
76 89
76 94
76 95
76 97
76 98
77 82
77 83
77 85
77 86
77 90
77 91
77 93
77 94
77 96
77 97
77 99
78 79
78 81
78 82
78 83
78 84
78 85
78 86
78 88
78 91
78 92
78 93
78 94
78 96
79 80
79 82
79 83
79 84
79 86
79 88
79 89
79 91
79 92
79 93
79 94
80 81
80 82
80 85
80 88
80 91
80 92
80 93
80 94
80 95
80 96
80 97
80 98
80 99
81 82
81 83
81 86
81 88
81 89
81 91
81 99
82 84
82 85
82 86
82 89
82 92
82 93
82 94
82 95
82 96
82 97
82 99
83 85
83 88
83 89
83 91
83 93
83 96
83 97
83 98
84 86
84 87
84 91
84 94
84 95
84 99
85 87
85 89
85 91
85 93
85 94
85 99
86 87
86 89
86 90
86 92
86 94
86 96
86 97
86 98
87 89
87 90
87 91
87 92
87 93
87 94
87 95
87 96
88 92
88 93
88 96
88 97
88 99
89 90
89 91
89 95
89 97
89 98
89 99
90 91
90 94
90 98
90 99
91 92
91 93
91 95
91 99
92 93
92 98
92 99
93 94
93 98
93 99
94 95
95 97
96 97
97 98
98 99
