100 2475
0 1
0 5
0 10
0 12
0 15
0 16
0 23
0 26
0 27
0 28
0 30
0 31
0 32
0 33
0 35
0 37
0 40
0 43
0 44
0 46
0 47
0 49
0 50
0 51
0 52
0 54
0 55
0 56
0 62
0 66
0 68
0 69
0 73
0 74
0 83
0 90
0 91
0 93
0 94
0 98
1 3
1 4
1 6
1 7
1 8
1 9
1 10
1 12
1 14
1 15
1 17
1 19
1 20
1 21
1 23
1 25
1 26
1 27
1 28
1 30
1 31
1 34
1 35
1 36
1 39
1 40
1 43
1 50
1 51
1 52
1 54
1 55
1 56
1 57
1 59
1 60
1 61
1 63
1 67
1 70
1 78
1 79
1 80
1 81
1 83
1 87
1 88
1 90
1 91
1 92
1 93
1 94
1 95
1 98
1 99
2 5
2 10
2 12
2 16
2 18
2 19
2 20
2 22
2 26
2 29
2 32
2 34
2 37
2 39
2 40
2 43
2 44
2 45
2 53
2 54
2 56
2 58
2 60
2 62
2 63
2 64
2 65
2 67
2 70
2 71
2 72
2 73
2 77
2 80
2 83
2 85
2 86
2 88
2 90
2 92
2 97
2 99
3 5
3 7
3 8
3 10
3 11
3 12
3 14
3 15
3 18
3 19
3 21
3 22
3 23
3 26
3 29
3 30
3 32
3 34
3 35
3 36
3 37
3 40
3 42
3 43
3 44
3 46
3 47
3 53
3 54
3 56
3 57
3 62
3 63
3 64
3 66
3 67
3 68
3 72
3 75
3 76
3 79
3 83
3 85
3 87
3 89
3 91
3 93
3 94
3 97
3 98
4 6
4 7
4 11
4 14
4 15
4 16
4 17
4 19
4 20
4 27
4 30
4 31
4 32
4 34
4 35
4 38
4 40
4 41
4 42
4 43
4 44
4 46
4 50
4 51
4 54
4 55
4 56
4 59
4 64
4 66
4 68
4 69
4 70
4 71
4 78
4 80
4 81
4 82
4 84
4 91
4 93
4 94
4 95
4 96
4 98
5 6
5 7
5 11
5 12
5 13
5 18
5 27
5 28
5 33
5 34
5 36
5 37
5 43
5 45
5 46
5 47
5 48
5 52
5 54
5 56
5 57
5 59
5 61
5 63
5 64
5 65
5 67
5 74
5 76
5 78
5 80
5 81
5 82
5 85
5 87
5 88
5 90
5 91
5 93
5 94
5 96
6 7
6 10
6 13
6 20
6 21
6 22
6 23
6 24
6 31
6 36
6 39
6 40
6 44
6 47
6 49
6 50
6 51
6 54
6 59
6 60
6 61
6 63
6 65
6 66
6 68
6 73
6 74
6 76
6 78
6 79
6 80
6 83
6 84
6 86
6 87
6 88
6 89
6 91
6 92
6 93
6 94
6 96
6 98
6 99
7 8
7 12
7 13
7 15
7 17
7 18
7 19
7 22
7 23
7 24
7 26
7 27
7 31
7 33
7 35
7 36
7 40
7 42
7 44
7 46
7 49
7 51
7 53
7 55
7 56
7 59
7 60
7 62
7 63
7 66
7 67
7 68
7 72
7 73
7 74
7 77
7 78
7 84
7 86
7 89
7 90
7 91
7 92
7 93
7 94
7 96
7 98
7 99
8 9
8 10
8 12
8 14
8 17
8 24
8 25
8 35
8 36
8 37
8 40
8 41
8 42
8 43
8 44
8 45
8 47
8 51
8 52
8 55
8 56
8 57
8 59
8 60
8 61
8 63
8 64
8 65
8 70
8 71
8 74
8 76
8 77
8 79
8 81
8 86
8 87
8 88
8 89
8 91
8 92
8 93
8 95
8 97
8 99
9 13
9 15
9 16
9 18
9 21
9 23
9 25
9 27
9 28
9 29
9 31
9 32
9 33
9 35
9 36
9 39
9 40
9 41
9 44
9 45
9 46
9 47
9 52
9 53
9 55
9 57
9 59
9 60
9 61
9 62
9 63
9 64
9 67
9 72
9 73
9 74
9 75
9 81
9 82
9 83
9 84
9 85
9 86
9 87
9 92
9 93
9 94
9 98
9 99
10 11
10 13
10 14
10 17
10 20
10 23
10 29
10 32
10 33
10 34
10 35
10 36
10 37
10 38
10 39
10 41
10 42
10 43
10 44
10 46
10 48
10 51
10 52
10 53
10 54
10 57
10 59
10 60
10 62
10 65
10 67
10 71
10 72
10 74
10 77
10 80
10 82
10 83
10 84
10 85
10 86
10 88
10 90
10 97
10 99
11 13
11 14
11 15
11 18
11 20
11 21
11 24
11 25
11 26
11 27
11 30
11 31
11 32
11 33
11 37
11 38
11 39
11 40
11 41
11 42
11 46
11 47
11 49
11 52
11 54
11 55
11 56
11 57
11 59
11 60
11 61
11 62
11 63
11 64
11 65
11 66
11 67
11 69
11 70
11 72
11 73
11 76
11 78
11 80
11 82
11 84
11 86
11 87
11 88
11 89
11 90
11 91
11 93
11 94
11 95
11 96
11 98
11 99
12 13
12 15
12 18
12 21
12 22
12 23
12 25
12 27
12 28
12 30
12 31
12 32
12 34
12 36
12 38
12 40
12 42
12 44
12 45
12 50
12 55
12 57
12 60
12 61
12 63
12 74
12 75
12 80
12 81
12 83
12 85
12 86
12 88
12 89
12 90
12 93
12 95
13 14
13 16
13 17
13 18
13 19
13 20
13 24
13 25
13 27
13 31
13 32
13 34
13 35
13 36
13 38
13 39
13 40
13 41
13 43
13 47
13 49
13 52
13 53
13 54
13 55
13 58
13 63
13 68
13 70
13 71
13 72
13 73
13 76
13 77
13 80
13 83
13 84
13 88
13 91
13 95
13 97
13 98
13 99
14 15
14 18
14 22
14 27
14 28
14 32
14 33
14 39
14 41
14 42
14 45
14 48
14 51
14 52
14 55
14 56
14 58
14 59
14 69
14 70
14 77
14 80
14 82
14 84
14 85
14 88
14 90
14 95
14 97
14 98
14 99
15 18
15 19
15 20
15 22
15 23
15 25
15 26
15 28
15 30
15 31
15 33
15 36
15 37
15 39
15 41
15 43
15 44
15 45
15 46
15 51
15 52
15 54
15 58
15 60
15 61
15 63
15 64
15 66
15 68
15 72
15 73
15 74
15 78
15 81
15 82
15 83
15 85
15 87
15 88
15 89
15 90
15 91
15 96
15 97
15 98
16 17
16 18
16 19
16 20
16 21
16 22
16 23
16 24
16 25
16 28
16 32
16 33
16 34
16 39
16 42
16 44
16 45
16 46
16 47
16 50
16 52
16 53
16 58
16 63
16 64
16 65
16 66
16 67
16 72
16 73
16 74
16 76
16 79
16 81
16 84
16 85
16 86
16 90
16 93
16 96
16 97
16 98
16 99
17 18
17 19
17 28
17 30
17 31
17 32
17 33
17 34
17 35
17 37
17 38
17 41
17 44
17 45
17 47
17 48
17 49
17 50
17 51
17 52
17 54
17 55
17 56
17 59
17 62
17 66
17 67
17 68
17 69
17 72
17 73
17 75
17 76
17 83
17 84
17 85
17 86
17 87
17 88
17 96
17 99
18 19
18 20
18 21
18 22
18 24
18 28
18 29
18 31
18 34
18 35
18 36
18 37
18 38
18 39
18 44
18 46
18 48
18 49
18 50
18 51
18 52
18 53
18 55
18 60
18 63
18 65
18 67
18 69
18 70
18 71
18 75
18 77
18 82
18 84
18 85
18 89
18 92
18 94
18 97
18 99
19 25
19 30
19 31
19 32
19 33
19 37
19 40
19 42
19 43
19 46
19 47
19 48
19 49
19 52
19 53
19 55
19 56
19 57
19 58
19 59
19 61
19 62
19 64
19 67
19 69
19 71
19 73
19 77
19 79
19 81
19 82
19 83
19 86
19 87
19 88
19 95
19 96
19 97
20 21
20 23
20 25
20 26
20 28
20 29
20 30
20 31
20 33
20 34
20 35
20 36
20 37
20 38
20 40
20 42
20 45
20 46
20 49
20 51
20 52
20 56
20 57
20 59
20 60
20 61
20 62
20 63
20 65
20 69
20 71
20 72
20 74
20 77
20 79
20 82
20 85
20 86
20 87
20 90
20 94
20 95
20 96
20 98
20 99
21 24
21 26
21 27
21 28
21 32
21 33
21 34
21 38
21 41
21 44
21 45
21 46
21 48
21 50
21 51
21 52
21 54
21 55
21 58
21 59
21 61
21 63
21 64
21 65
21 66
21 67
21 69
21 70
21 71
21 73
21 74
21 77
21 81
21 82
21 84
21 85
21 88
21 89
21 94
21 96
21 98
22 24
22 26
22 27
22 29
22 36
22 39
22 42
22 45
22 46
22 47
22 49
22 51
22 52
22 53
22 54
22 56
22 58
22 61
22 62
22 63
22 66
22 68
22 69
22 70
22 76
22 77
22 80
22 82
22 83
22 85
22 86
22 87
22 88
22 93
22 95
22 97
22 98
23 24
23 27
23 29
23 31
23 33
23 35
23 37
23 39
23 40
23 42
23 43
23 44
23 45
23 46
23 47
23 48
23 49
23 50
23 51
23 52
23 57
23 59
23 60
23 63
23 64
23 65
23 68
23 70
23 71
23 76
23 77
23 78
23 81
23 84
23 87
23 89
23 91
23 94
23 96
24 26
24 28
24 30
24 33
24 38
24 39
24 41
24 43
24 47
24 48
24 52
24 53
24 54
24 56
24 57
24 58
24 59
24 61
24 62
24 70
24 71
24 72
24 74
24 75
24 76
24 77
24 80
24 83
24 86
24 87
24 88
24 92
24 95
24 96
24 99
25 28
25 29
25 31
25 35
25 36
25 40
25 41
25 44
25 46
25 49
25 56
25 57
25 58
25 59
25 61
25 62
25 63
25 65
25 66
25 67
25 68
25 70
25 71
25 72
25 73
25 74
25 75
25 76
25 77
25 79
25 80
25 82
25 85
25 88
25 89
25 91
25 92
25 93
25 94
25 95
25 96
26 27
26 29
26 30
26 34
26 35
26 36
26 38
26 40
26 41
26 42
26 43
26 45
26 46
26 49
26 50
26 51
26 54
26 56
26 58
26 63
26 64
26 65
26 69
26 70
26 71
26 73
26 74
26 76
26 77
26 79
26 80
26 81
26 83
26 84
26 89
26 91
26 93
26 94
26 95
26 98
27 30
27 33
27 38
27 40
27 43
27 44
27 45
27 49
27 51
27 53
27 56
27 57
27 58
27 60
27 61
27 63
27 64
27 65
27 67
27 70
27 72
27 73
27 76
27 83
27 88
27 91
27 92
27 93
27 94
27 95
27 99
28 29
28 30
28 32
28 34
28 35
28 36
28 38
28 41
28 46
28 48
28 50
28 54
28 55
28 56
28 57
28 58
28 60
28 61
28 62
28 64
28 65
28 67
28 69
28 70
28 71
28 72
28 73
28 75
28 77
28 79
28 80
28 81
28 82
28 85
28 87
28 88
28 90
28 92
28 93
28 94
28 95
28 97
28 98
28 99
29 31
29 32
29 34
29 35
29 39
29 41
29 43
29 46
29 47
29 48
29 49
29 50
29 51
29 52
29 54
29 55
29 57
29 61
29 67
29 70
29 74
29 79
29 80
29 81
29 83
29 85
29 86
29 87
29 89
29 90
29 91
29 93
29 94
29 95
29 98
30 31
30 32
30 33
30 35
30 36
30 39
30 44
30 45
30 48
30 49
30 50
30 53
30 57
30 60
30 61
30 64
30 67
30 68
30 69
30 71
30 72
30 78
30 81
30 85
30 89
30 91
30 94
30 95
31 33
31 36
31 37
31 40
31 42
31 45
31 47
31 48
31 50
31 52
31 53
31 54
31 56
31 57
31 58
31 59
31 60
31 65
31 66
31 67
31 69
31 71
31 73
31 74
31 76
31 77
31 78
31 80
31 82
31 84
31 85
31 86
31 87
31 88
31 89
31 90
31 91
31 92
31 94
31 96
32 33
32 35
32 37
32 40
32 41
32 43
32 44
32 45
32 47
32 48
32 51
32 54
32 59
32 60
32 61
32 62
32 64
32 67
32 68
32 69
32 70
32 71
32 73
32 74
32 78
32 83
32 85
32 91
33 36
33 38
33 39
33 41
33 44
33 46
33 47
33 49
33 50
33 53
33 54
33 55
33 58
33 61
33 63
33 65
33 67
33 72
33 73
33 80
33 81
33 84
33 85
33 86
33 88
33 90
33 92
33 93
33 94
33 96
34 36
34 37
34 38
34 39
34 44
34 45
34 47
34 50
34 52
34 53
34 54
34 55
34 56
34 58
34 59
34 61
34 62
34 64
34 72
34 73
34 75
34 76
34 77
34 78
34 80
34 82
34 85
34 86
34 87
34 88
34 91
34 93
34 94
34 98
34 99
35 36
35 42
35 44
35 45
35 48
35 51
35 54
35 56
35 58
35 60
35 62
35 63
35 64
35 65
35 66
35 67
35 69
35 72
35 73
35 75
35 76
35 79
35 80
35 81
35 82
35 85
35 86
35 87
35 88
35 90
35 91
35 92
35 93
35 94
35 95
35 96
35 97
35 99
36 37
36 38
36 39
36 47
36 53
36 54
36 55
36 56
36 57
36 59
36 61
36 63
36 64
36 70
36 71
36 74
36 75
36 76
36 77
36 80
36 85
36 88
36 89
36 91
36 92
37 39
37 41
37 44
37 46
37 47
37 49
37 54
37 55
37 56
37 59
37 60
37 61
37 62
37 63
37 65
37 66
37 68
37 69
37 71
37 73
37 75
37 80
37 81
37 82
37 83
37 84
37 85
37 86
37 88
37 89
37 90
37 94
37 97
37 98
37 99
38 39
38 40
38 41
38 42
38 44
38 46
38 47
38 48
38 50
38 52
38 54
38 55
38 57
38 58
38 59
38 62
38 63
38 65
38 66
38 67
38 68
38 69
38 72
38 74
38 75
38 76
38 83
38 85
38 91
38 95
38 96
38 98
39 40
39 42
39 43
39 45
39 46
39 48
39 50
39 52
39 55
39 58
39 62
39 63
39 64
39 65
39 68
39 69
39 70
39 71
39 72
39 73
39 74
39 75
39 78
39 79
39 80
39 81
39 82
39 83
39 84
39 87
39 88
39 90
39 91
39 93
39 94
39 95
39 98
40 43
40 49
40 52
40 53
40 54
40 55
40 56
40 57
40 58
40 61
40 63
40 66
40 67
40 68
40 69
40 71
40 72
40 73
40 76
40 77
40 78
40 80
40 84
40 85
40 88
40 89
40 91
40 92
40 94
40 96
40 98
40 99
41 44
41 47
41 48
41 49
41 54
41 55
41 57
41 58
41 63
41 64
41 65
41 67
41 68
41 71
41 77
41 78
41 79
41 80
41 81
41 86
41 88
41 89
41 90
41 93
41 97
41 99
42 44
42 47
42 48
42 50
42 51
42 55
42 58
42 59
42 60
42 61
42 62
42 63
42 64
42 65
42 69
42 70
42 71
42 72
42 73
42 76
42 77
42 78
42 81
42 84
42 88
42 91
42 93
42 94
42 95
42 97
43 45
43 46
43 47
43 50
43 51
43 53
43 55
43 56
43 59
43 60
43 61
43 70
43 71
43 72
43 73
43 74
43 75
43 79
43 80
43 82
43 83
43 85
43 86
43 87
43 88
43 91
43 99
44 47
44 48
44 49
44 51
44 52
44 53
44 54
44 58
44 61
44 64
44 65
44 66
44 67
44 68
44 71
44 77
44 78
44 80
44 83
44 84
44 85
44 88
44 92
44 93
44 95
44 96
44 97
44 98
45 46
45 48
45 49
45 50
45 51
45 52
45 53
45 54
45 57
45 59
45 61
45 63
45 66
45 67
45 69
45 71
45 72
45 73
45 75
45 76
45 81
45 84
45 85
45 86
45 88
45 89
45 91
45 94
45 98
46 50
46 51
46 52
46 53
46 54
46 55
46 58
46 59
46 61
46 63
46 64
46 70
46 72
46 74
46 75
46 76
46 77
46 79
46 80
46 81
46 82
46 83
46 84
46 85
46 87
46 88
46 90
46 92
46 94
46 97
46 98
47 48
47 49
47 50
47 51
47 52
47 53
47 56
47 57
47 59
47 61
47 63
47 69
47 70
47 78
47 80
47 83
47 88
47 92
47 94
47 95
47 96
47 97
47 98
47 99
48 49
48 51
48 52
48 53
48 55
48 58
48 61
48 62
48 63
48 66
48 71
48 72
48 74
48 75
48 76
48 77
48 81
48 82
48 84
48 85
48 87
48 88
48 89
48 90
48 91
48 93
48 99
49 51
49 53
49 54
49 55
49 57
49 58
49 59
49 60
49 61
49 62
49 65
49 67
49 71
49 72
49 76
49 77
49 78
49 80
49 84
49 87
49 89
49 91
49 92
49 93
50 52
50 53
50 57
50 59
50 62
50 64
50 66
50 68
50 69
50 71
50 72
50 75
50 76
50 77
50 84
50 85
50 88
50 91
50 96
50 99
51 52
51 53
51 54
51 56
51 57
51 61
51 62
51 63
51 64
51 68
51 69
51 70
51 73
51 75
51 77
51 81
51 83
51 84
51 85
51 88
51 90
51 91
51 92
51 93
51 94
51 96
51 97
51 98
51 99
52 53
52 54
52 55
52 58
52 59
52 61
52 72
52 74
52 75
52 76
52 77
52 78
52 80
52 82
52 83
52 85
52 86
52 88
52 90
52 91
52 93
52 96
52 97
53 56
53 59
53 60
53 63
53 64
53 65
53 67
53 69
53 70
53 71
53 72
53 73
53 77
53 78
53 79
53 81
53 84
53 87
53 88
53 89
53 91
53 92
53 93
53 95
54 55
54 56
54 57
54 58
54 61
54 63
54 64
54 65
54 67
54 70
54 72
54 73
54 77
54 79
54 81
54 82
54 83
54 84
54 85
54 86
54 88
54 89
54 90
54 91
54 92
54 94
54 96
54 97
55 58
55 61
55 62
55 66
55 69
55 70
55 71
55 72
55 74
55 77
55 78
55 79
55 80
55 81
55 84
55 85
55 87
55 88
55 90
55 94
55 95
55 96
55 98
55 99
56 57
56 59
56 60
56 61
56 63
56 65
56 66
56 68
56 70
56 73
56 75
56 78
56 82
56 83
56 85
56 87
56 89
56 90
56 91
56 95
56 97
57 60
57 61
57 62
57 63
57 67
57 68
57 70
57 72
57 76
57 79
57 82
57 83
57 84
57 85
57 88
57 90
57 91
57 96
57 98
57 99
58 60
58 62
58 68
58 69
58 70
58 71
58 74
58 75
58 78
58 80
58 81
58 82
58 83
58 84
58 87
58 88
58 89
58 90
58 95
58 96
58 97
58 98
58 99
59 61
59 63
59 64
59 66
59 69
59 70
59 71
59 72
59 74
59 76
59 77
59 79
59 80
59 82
59 85
59 86
59 87
59 92
59 96
59 98
60 63
60 67
60 71
60 72
60 81
60 82
60 83
60 86
60 88
60 91
60 94
60 96
60 97
60 98
60 99
61 63
61 66
61 67
61 69
61 73
61 74
61 77
61 78
61 81
61 82
61 84
61 85
61 86
61 87
61 91
61 93
61 94
61 98
61 99
62 63
62 66
62 67
62 70
62 71
62 73
62 75
62 77
62 78
62 79
62 81
62 83
62 85
62 86
62 88
62 92
62 95
62 97
62 99
63 64
63 65
63 66
63 72
63 73
63 74
63 75
63 76
63 77
63 78
63 79
63 80
63 83
63 85
63 88
63 92
63 94
63 96
63 98
63 99
64 65
64 71
64 74
64 75
64 76
64 78
64 79
64 82
64 84
64 88
64 89
64 92
64 95
64 97
64 99
65 67
65 70
65 72
65 73
65 74
65 79
65 80
65 81
65 83
65 85
65 89
65 94
65 96
65 98
66 70
66 71
66 74
66 76
66 80
66 83
66 84
66 87
66 88
66 91
66 92
66 94
66 95
66 97
67 69
67 70
67 71
67 72
67 73
67 74
67 75
67 76
67 85
67 88
67 91
67 92
67 94
67 96
67 97
67 98
68 74
68 75
68 77
68 79
68 80
68 81
68 82
68 83
68 84
68 89
68 90
68 95
68 97
68 99
69 71
69 74
69 75
69 76
69 77
69 80
69 81
69 82
69 88
69 89
69 96
69 97
70 75
70 76
70 77
70 80
70 81
70 85
70 87
70 90
70 91
70 94
70 95
70 96
70 97
70 98
70 99
71 72
71 73
71 76
71 80
71 81
71 82
71 83
71 85
71 87
71 90
71 92
71 95
72 75
72 77
72 78
72 79
72 80
72 85
72 86
72 88
72 90
72 91
72 95
72 97
72 98
73 75
73 76
73 77
73 84
73 87
73 89
73 90
73 92
73 97
73 99
74 75
74 77
74 83
74 86
74 88
74 90
74 92
74 94
74 96
74 97
74 98
75 76
75 77
75 85
75 87
75 88
75 90
75 93
75 96
75 97
76 77
76 78
76 79
76 80
76 81
76 84
76 90
76 96
76 97
76 99
77 78
77 79
77 80
77 82
77 84
77 85
77 86
77 87
77 92
77 94
77 95
77 96
77 97
77 99
78 79
78 81
78 82
78 85
78 86
78 88
78 90
79 81
79 82
79 83
79 89
79 90
79 91
79 95
79 97
79 99
80 81
80 83
80 84
80 86
80 88
80 89
80 91
80 92
80 93
80 96
80 97
80 99
81 82
81 84
81 85
81 90
81 93
81 94
81 95
81 96
81 97
81 98
82 83
82 85
82 87
82 89
82 93
82 94
82 99
83 84
83 88
83 89
83 90
83 92
83 93
83 96
83 97
83 98
83 99
84 87
84 88
84 89
84 91
84 92
84 93
84 94
84 95
84 98
85 87
85 92
85 93
85 94
85 95
85 96
85 99
86 90
86 92
86 98
87 88
87 89
87 90
87 91
87 95
87 97
87 98
87 99
88 89
88 91
88 93
88 96
88 98
89 93
89 94
89 95
89 96
89 97
90 91
90 92
90 93
90 96
90 98
91 96
91 98
92 93
92 94
92 95
92 97
92 98
92 99
93 94
93 96
93 97
93 98
93 99
94 95
94 96
94 97
94 98
95 98
97 99
98 99
