100 1237
0 8
0 11
0 22
0 35
0 40
0 44
0 60
0 61
0 64
0 66
0 73
1 4
1 10
1 11
1 15
1 17
1 26
1 29
1 31
1 32
1 36
1 37
1 40
1 50
1 51
1 62
1 66
1 69
1 73
1 75
1 80
1 84
1 87
1 91
1 95
2 14
2 15
2 19
2 20
2 23
2 27
2 29
2 36
2 39
2 52
2 60
2 62
2 65
2 73
2 74
2 75
2 85
2 88
2 92
3 4
3 7
3 12
3 13
3 14
3 17
3 18
3 20
3 21
3 22
3 23
3 27
3 31
3 35
3 39
3 41
3 42
3 55
3 57
3 58
3 62
3 65
3 67
3 76
3 86
3 90
3 92
3 93
3 96
4 5
4 6
4 10
4 12
4 19
4 21
4 24
4 43
4 44
4 46
4 48
4 50
4 51
4 52
4 53
4 55
4 61
4 62
4 66
4 69
4 71
4 73
4 74
4 75
4 77
4 97
5 6
5 12
5 23
5 24
5 34
5 36
5 37
5 45
5 50
5 58
5 59
5 63
5 71
5 74
5 76
5 81
5 85
5 86
5 89
5 97
6 8
6 9
6 10
6 13
6 16
6 18
6 52
6 54
6 58
6 65
6 66
6 68
6 74
6 80
6 83
6 86
6 95
7 14
7 16
7 24
7 29
7 30
7 31
7 33
7 34
7 48
7 49
7 50
7 59
7 62
7 63
7 72
7 78
7 80
7 94
7 95
8 10
8 11
8 13
8 15
8 21
8 29
8 30
8 37
8 41
8 42
8 43
8 46
8 48
8 49
8 50
8 53
8 57
8 60
8 63
8 70
8 77
8 86
8 89
8 90
8 91
8 97
8 99
9 23
9 27
9 29
9 31
9 42
9 49
9 50
9 51
9 60
9 61
9 64
9 68
9 72
9 73
9 76
9 79
9 80
9 92
9 94
9 95
9 97
9 99
10 16
10 17
10 24
10 30
10 31
10 39
10 41
10 43
10 46
10 50
10 51
10 53
10 56
10 59
10 60
10 62
10 63
10 64
10 65
10 79
10 81
10 82
10 83
10 89
10 93
11 25
11 26
11 31
11 32
11 37
11 39
11 41
11 45
11 51
11 54
11 61
11 63
11 64
11 67
11 73
11 76
11 84
11 91
11 92
11 96
12 14
12 25
12 29
12 31
12 43
12 44
12 45
12 52
12 53
12 54
12 59
12 60
12 68
12 72
12 73
12 79
12 81
12 82
12 99
13 16
13 20
13 22
13 25
13 34
13 35
13 39
13 41
13 42
13 45
13 48
13 54
13 56
13 58
13 63
13 67
13 76
13 77
13 80
13 82
13 89
13 90
13 91
13 93
13 97
13 99
14 18
14 20
14 24
14 27
14 33
14 35
14 38
14 39
14 42
14 45
14 51
14 54
14 62
14 66
14 67
14 69
14 73
14 83
14 97
14 99
15 16
15 17
15 26
15 27
15 30
15 37
15 40
15 43
15 45
15 50
15 51
15 53
15 56
15 59
15 61
15 63
15 66
15 71
15 80
15 86
15 88
15 90
15 91
15 94
15 96
16 23
16 24
16 26
16 33
16 36
16 38
16 39
16 48
16 49
16 62
16 66
16 67
16 70
16 74
16 76
16 81
16 84
16 89
16 91
16 93
16 97
16 99
17 18
17 19
17 23
17 27
17 28
17 29
17 33
17 41
17 42
17 43
17 53
17 56
17 57
17 60
17 66
17 68
17 70
17 72
17 85
17 89
18 22
18 24
18 33
18 43
18 51
18 55
18 56
18 66
18 67
18 71
18 74
18 79
18 80
18 83
18 84
18 89
18 91
18 94
18 96
18 97
19 28
19 32
19 34
19 37
19 40
19 41
19 45
19 53
19 54
19 59
19 60
19 61
19 62
19 80
19 90
19 95
19 96
20 43
20 47
20 48
20 49
20 50
20 52
20 59
20 62
20 64
20 74
20 77
20 81
20 91
20 93
20 96
20 98
20 99
21 25
21 32
21 37
21 39
21 47
21 48
21 52
21 54
21 55
21 60
21 76
21 84
21 93
21 95
22 25
22 26
22 27
22 29
22 34
22 35
22 36
22 38
22 40
22 42
22 44
22 47
22 54
22 57
22 73
22 74
22 75
22 76
22 86
22 90
23 26
23 30
23 35
23 36
23 39
23 40
23 41
23 45
23 46
23 57
23 61
23 64
23 71
23 72
23 74
23 87
23 91
23 92
23 95
23 98
23 99
24 26
24 30
24 42
24 46
24 49
24 50
24 52
24 53
24 55
24 56
24 60
24 63
24 65
24 75
24 76
24 85
24 91
24 92
24 93
24 95
24 96
25 26
25 33
25 38
25 40
25 46
25 51
25 64
25 69
25 73
25 85
25 90
25 93
25 99
26 27
26 28
26 29
26 32
26 39
26 51
26 57
26 59
26 66
26 69
26 70
26 71
26 74
26 77
26 80
26 83
26 88
26 93
26 96
26 98
27 28
27 39
27 40
27 41
27 43
27 48
27 53
27 55
27 57
27 59
27 60
27 68
27 78
27 79
27 82
27 89
27 94
27 96
27 97
27 98
28 32
28 33
28 34
28 42
28 47
28 50
28 52
28 56
28 61
28 77
28 78
28 80
28 88
28 90
29 32
29 49
29 50
29 52
29 53
29 54
29 55
29 59
29 64
29 65
29 69
29 74
29 75
29 76
29 78
29 80
29 93
30 31
30 33
30 36
30 37
30 43
30 44
30 48
30 51
30 66
30 67
30 73
30 80
30 83
30 86
30 87
30 88
30 90
30 93
30 97
31 33
31 47
31 52
31 53
31 54
31 64
31 69
31 70
31 73
31 74
31 77
31 79
31 80
31 82
31 91
31 93
31 95
31 99
32 34
32 37
32 39
32 44
32 45
32 57
32 60
32 64
32 72
32 73
32 83
32 85
32 88
32 95
33 35
33 38
33 48
33 51
33 52
33 55
33 57
33 64
33 65
33 67
33 69
33 72
33 73
33 75
33 78
33 83
33 87
33 91
33 94
33 98
33 99
34 38
34 40
34 44
34 45
34 46
34 47
34 50
34 54
34 62
34 67
34 68
34 73
34 78
34 80
34 81
34 93
34 95
35 36
35 39
35 42
35 46
35 47
35 51
35 53
35 54
35 57
35 66
35 76
35 81
35 85
35 92
35 93
35 94
35 95
35 96
35 97
35 99
36 43
36 44
36 48
36 49
36 52
36 54
36 57
36 67
36 68
36 70
36 73
36 77
36 79
36 83
36 88
36 90
36 95
37 42
37 44
37 48
37 53
37 57
37 58
37 60
37 68
37 72
37 76
37 79
37 82
37 96
37 97
38 40
38 43
38 49
38 50
38 55
38 59
38 61
38 70
38 74
38 81
38 88
38 89
38 90
38 94
38 95
38 98
39 47
39 48
39 49
39 50
39 53
39 54
39 55
39 61
39 63
39 64
39 65
39 68
39 79
39 81
39 82
39 86
39 92
39 94
39 95
39 96
39 97
39 98
39 99
40 45
40 46
40 47
40 48
40 50
40 51
40 52
40 58
40 59
40 62
40 66
40 68
40 70
40 74
40 78
40 79
40 81
40 85
40 92
40 93
40 97
41 43
41 50
41 54
41 56
41 59
41 61
41 63
41 67
41 68
41 78
41 79
41 86
41 91
42 44
42 51
42 56
42 58
42 63
42 69
42 70
42 74
42 75
42 77
42 78
42 80
42 97
43 51
43 54
43 57
43 58
43 64
43 68
43 70
43 75
43 79
43 86
43 88
43 89
43 90
43 91
43 94
43 97
43 98
44 47
44 49
44 50
44 58
44 59
44 61
44 62
44 63
44 64
44 66
44 67
44 69
44 75
44 76
44 78
44 82
44 83
44 86
44 87
44 88
44 93
44 94
44 97
44 99
45 50
45 52
45 55
45 56
45 60
45 64
45 65
45 74
45 80
45 87
45 90
45 94
46 52
46 55
46 56
46 57
46 61
46 62
46 63
46 67
46 75
46 80
46 84
46 87
46 90
47 48
47 49
47 50
47 51
47 53
47 59
47 60
47 66
47 72
47 74
47 75
47 76
47 82
47 88
47 98
48 50
48 55
48 62
48 64
48 69
48 72
48 82
48 83
48 87
48 90
48 92
48 98
49 53
49 56
49 60
49 61
49 64
49 65
49 69
49 70
49 75
49 78
49 86
49 89
49 94
49 96
49 98
50 53
50 55
50 56
50 60
50 64
50 67
50 71
50 72
50 77
50 83
50 85
50 89
51 57
51 58
51 59
51 65
51 66
51 67
51 69
51 71
51 73
51 74
51 75
51 86
51 92
51 96
51 97
51 99
52 53
52 67
52 79
52 81
52 86
52 94
52 96
53 56
53 61
53 63
53 65
53 66
53 69
53 71
53 77
53 78
53 79
53 82
53 86
53 89
53 90
53 91
53 92
53 98
54 58
54 59
54 65
54 70
54 73
54 74
54 75
54 76
54 78
54 87
54 89
54 95
55 58
55 60
55 62
55 71
55 80
55 81
55 83
55 95
55 99
56 59
56 66
56 75
56 79
56 83
56 84
56 86
56 87
56 90
56 95
56 97
57 58
57 59
57 65
57 69
57 73
57 76
57 85
57 87
57 88
57 97
58 63
58 71
58 74
58 75
58 81
58 84
58 91
58 95
58 99
59 60
59 62
59 64
59 66
59 69
59 70
59 71
59 74
59 75
59 76
59 82
59 84
59 91
59 97
59 99
60 61
60 62
60 63
60 70
60 73
60 74
60 75
60 81
60 82
60 84
60 85
60 90
60 93
60 94
60 96
60 99
61 66
61 67
61 73
61 77
61 83
61 85
61 88
61 90
61 92
61 94
61 98
62 65
62 67
62 72
62 74
62 81
62 83
62 84
62 88
62 95
63 65
63 66
63 69
63 70
63 71
63 77
63 82
63 90
63 91
63 99
64 68
64 69
64 82
64 84
64 85
64 86
64 96
65 66
65 71
65 77
65 84
65 86
65 87
65 88
65 93
65 95
66 70
66 71
66 75
66 76
66 79
66 83
67 74
67 76
67 77
67 86
67 90
68 69
68 72
68 80
68 85
68 87
68 99
69 70
69 78
69 80
69 83
69 86
69 87
69 99
70 76
70 82
70 97
71 73
71 84
71 93
72 74
72 75
72 78
72 83
72 89
72 93
72 97
73 86
74 77
74 79
74 84
74 85
74 94
74 99
75 76
75 79
75 86
75 92
75 93
76 82
76 86
76 95
77 79
77 82
77 83
77 90
77 91
77 94
77 95
77 99
78 81
78 85
78 86
79 80
79 87
79 94
80 82
80 83
80 84
80 90
80 91
80 95
81 91
81 94
81 99
82 87
82 88
82 91
82 99
83 85
83 87
83 89
83 93
83 94
83 98
84 88
84 90
84 95
84 97
85 87
85 98
86 91
86 97
87 89
87 93
87 95
87 97
87 98
87 99
88 89
88 92
88 94
89 97
90 93
90 96
90 98
91 93
91 94
91 95
92 93
93 96
94 96
94 97
96 97
96 98
96 99
97 99
98 99
